# alt.atheism comp.graphics comp.os.ms-windows.misc comp.sys.ibm.pc.hardware comp.sys.mac.hardware comp.windows.x misc.forsale rec.autos rec.motorcycles rec.sport.baseball rec.sport.hockey sci.crypt sci.electronics sci.med sci.space soc.religion.christian talk.politics.guns talk.politics.mideast talk.politics.misc talk.religion.misc
7.051282051282051211e-02 4.807692307692307959e-02 3.846153846153846367e-02 1.153846153846153910e-01 4.807692307692307959e-02 3.846153846153846367e-02 7.051282051282051211e-02 6.410256410256409687e-02 6.089743589743589619e-02 2.884615384615384776e-02 8.333333333333332871e-02 2.564102564102564014e-02 1.282051282051282007e-02 5.128205128205128027e-02 4.487179487179487197e-02 4.487179487179487197e-02 4.807692307692307959e-02 2.564102564102564014e-02 6.089743589743589619e-02 1.923076923076923184e-02
5.597964376590330859e-02 5.089058524173027676e-02 5.597964376590330859e-02 1.068702290076335853e-01 3.307888040712467920e-02 4.834605597964376777e-02 8.142493638676845391e-02 4.580152671755725186e-02 5.343511450381679267e-02 2.798982188295165430e-02 7.379134860050889921e-02 2.798982188295165430e-02 2.035623409669211348e-02 4.325699745547073594e-02 4.834605597964376777e-02 6.361323155216284941e-02 5.089058524173027676e-02 4.834605597964376777e-02 3.816793893129771104e-02 2.544529262086513838e-02
4.603580562659846664e-02 7.161125319693094349e-02 3.580562659846547174e-02 1.304347826086956486e-01 5.115089514066496063e-02 3.324808184143222822e-02 6.905370843989769303e-02 6.393861892583120599e-02 4.092071611253197266e-02 5.626598465473145461e-02 5.626598465473145461e-02 2.813299232736572730e-02 1.278772378516624016e-02 3.069053708439897776e-02 3.324808184143222822e-02 8.951406649616368283e-02 4.603580562659846664e-02 4.347826086956521618e-02 3.069053708439897776e-02 3.069053708439897776e-02
3.439803439803439805e-02 5.405405405405405705e-02 3.439803439803439805e-02 1.449631449631449687e-01 4.422604422604422408e-02 4.914004914004913710e-02 6.388206388206388309e-02 4.914004914004913710e-02 7.125307125307125955e-02 3.194103194103194154e-02 6.879606879606879610e-02 4.176904176904176758e-02 2.211302211302211204e-02 3.194103194103194154e-02 3.685503685503685456e-02 6.633906633906633266e-02 5.651105651105651356e-02 3.685503685503685456e-02 4.176904176904176758e-02 1.965601965601965553e-02
5.793450881612090958e-02 5.793450881612090958e-02 4.030226700251889060e-02 1.108312342569269526e-01 3.274559193954659775e-02 3.778337531486146428e-02 8.060453400503778121e-02 6.045340050377833591e-02 7.556675062972292856e-02 4.030226700251889060e-02 6.045340050377833591e-02 5.037783375314861672e-02 1.511335012594458398e-02 2.770780856423173816e-02 7.052896725440806203e-02 5.541561712846347632e-02 5.541561712846347632e-02 2.518891687657430836e-02 2.015113350125944530e-02 2.518891687657430836e-02
4.390243902439024126e-02 6.829268292682927344e-02 3.658536585365853439e-02 1.097560975609756101e-01 3.170731707317073211e-02 3.902439024390243899e-02 9.268292682926829174e-02 3.658536585365853439e-02 5.365853658536585274e-02 5.121951219512194814e-02 5.365853658536585274e-02 4.634146341463414587e-02 2.682926829268292637e-02 3.902439024390243899e-02 7.317073170731706877e-02 5.853658536585366196e-02 4.390243902439024126e-02 4.878048780487805047e-02 2.439024390243902524e-02 2.195121951219512063e-02
4.651162790697674354e-02 5.943152454780361443e-02 2.325581395348837177e-02 9.560723514211885710e-02 3.359173126614987265e-02 4.134366925064599657e-02 7.493540051679586922e-02 6.976744186046511531e-02 8.010335917312660925e-02 3.100775193798449569e-02 7.751937984496123923e-02 6.976744186046511531e-02 2.067183462532299829e-02 1.808785529715762133e-02 4.651162790697674354e-02 8.268733850129199314e-02 4.392764857881136659e-02 3.617571059431524266e-02 3.617571059431524266e-02 1.291989664082687263e-02
3.394255874673629547e-02 6.788511749347259094e-02 4.177545691906005276e-02 8.877284595300261039e-02 3.394255874673629547e-02 4.960835509138381005e-02 7.571801566579634823e-02 5.744125326370757428e-02 6.788511749347259094e-02 3.133159268929503610e-02 8.616187989556135796e-02 4.699738903394255762e-02 1.827676240208877395e-02 4.177545691906005276e-02 5.744125326370757428e-02 6.788511749347259094e-02 4.438642297650130519e-02 2.610966057441253124e-02 3.655352480417754790e-02 2.610966057441253124e-02
5.159705159705159361e-02 5.651105651105651356e-02 5.159705159705159361e-02 1.031941031941031872e-01 3.685503685503685456e-02 2.948402948402948504e-02 7.616707616707617257e-02 6.142506142506142658e-02 6.142506142506142658e-02 4.422604422604422408e-02 5.896805896805897007e-02 4.668304668304668059e-02 1.474201474201474252e-02 3.194103194103194154e-02 5.159705159705159361e-02 4.914004914004913710e-02 5.159705159705159361e-02 5.896805896805897007e-02 3.194103194103194154e-02 3.194103194103194154e-02
4.466501240694788905e-02 7.692307692307692735e-02 2.481389578163771883e-02 9.429280397022332671e-02 6.451612903225806273e-02 3.722084367245657305e-02 5.955334987593052104e-02 3.970223325062034736e-02 8.188585607940446209e-02 4.466501240694788905e-02 6.203473945409429535e-02 3.970223325062034736e-02 1.736972704714640284e-02 3.225806451612903136e-02 4.962779156327543767e-02 8.684863523573201072e-02 5.955334987593052104e-02 3.970223325062034736e-02 2.977667493796526052e-02 1.488833746898263026e-02
5.128205128205128027e-02 6.666666666666666574e-02 3.333333333333333287e-02 9.743589743589743668e-02 3.333333333333333287e-02 7.179487179487178961e-02 7.692307692307692735e-02 7.692307692307692735e-02 7.435897435897435848e-02 3.333333333333333287e-02 5.384615384615384914e-02 4.102564102564102561e-02 1.794871794871794740e-02 1.538461538461538547e-02 5.128205128205128027e-02 5.897435897435897301e-02 7.692307692307692735e-02 3.076923076923077094e-02 2.307692307692307820e-02 1.538461538461538547e-02
7.124681933842239023e-02 5.852417302798982451e-02 2.035623409669211348e-02 8.651399491094147187e-02 3.307888040712467920e-02 5.852417302798982451e-02 5.852417302798982451e-02 4.325699745547073594e-02 6.106870229007633349e-02 4.071246819338422696e-02 6.361323155216284941e-02 3.307888040712467920e-02 1.017811704834605674e-02 2.290076335877862593e-02 6.870229007633588125e-02 7.633587786259542207e-02 6.615776081424935839e-02 4.325699745547073594e-02 5.597964376590330859e-02 2.798982188295165430e-02
5.185185185185185036e-02 4.197530864197530909e-02 4.197530864197530909e-02 1.061728395061728447e-01 4.444444444444444614e-02 4.197530864197530909e-02 8.888888888888889228e-02 4.691358024691358319e-02 6.419753086419753563e-02 2.222222222222222307e-02 7.407407407407406996e-02 4.444444444444444614e-02 2.469135802469135665e-02 2.222222222222222307e-02 5.185185185185185036e-02 8.148148148148148806e-02 4.197530864197530909e-02 3.950617283950617203e-02 4.938271604938271331e-02 1.975308641975308602e-02
4.702970297029702984e-02 5.693069306930693269e-02 5.445544554455445524e-02 1.039603960396039556e-01 4.207920792079208189e-02 7.178217821782177654e-02 7.673267326732673144e-02 3.712871287128712700e-02 4.950495049504950729e-02 3.960396039603960444e-02 4.455445544554455239e-02 3.960396039603960444e-02 1.485148514851485080e-02 3.960396039603960444e-02 6.188118811881188064e-02 7.178217821782177654e-02 4.207920792079208189e-02 5.445544554455445524e-02 3.465346534653465649e-02 1.732673267326732824e-02
4.255319148936170109e-02 4.787234042553191460e-02 5.053191489361701788e-02 1.063829787234042562e-01 4.255319148936170109e-02 4.521276595744681132e-02 7.978723404255319562e-02 6.117021276595744489e-02 5.851063829787234161e-02 3.723404255319148759e-02 5.851063829787234161e-02 4.255319148936170109e-02 1.329787234042553203e-02 2.127659574468085055e-02 6.117021276595744489e-02 6.914893617021276861e-02 5.053191489361701788e-02 3.723404255319148759e-02 3.457446808510638431e-02 3.989361702127659781e-02
4.810126582278480972e-02 5.063291139240506250e-02 4.810126582278480972e-02 9.367088607594936667e-02 4.303797468354430417e-02 5.569620253164556806e-02 8.101265822784810278e-02 5.569620253164556806e-02 4.556962025316455694e-02 2.531645569620253125e-02 8.101265822784810278e-02 5.822784810126582083e-02 2.025316455696202569e-02 2.278481012658227847e-02 6.075949367088607361e-02 7.341772151898734444e-02 4.556962025316455694e-02 4.556962025316455694e-02 3.037974683544303681e-02 1.518987341772151840e-02
3.611111111111110772e-02 3.611111111111110772e-02 4.166666666666666435e-02 1.333333333333333315e-01 2.777777777777777624e-02 6.111111111111110911e-02 7.777777777777777901e-02 4.166666666666666435e-02 7.777777777777777901e-02 6.944444444444444753e-02 5.555555555555555247e-02 5.000000000000000278e-02 2.222222222222222307e-02 3.055555555555555455e-02 5.833333333333333426e-02 5.833333333333333426e-02 4.166666666666666435e-02 3.888888888888888951e-02 3.333333333333333287e-02 8.333333333333333218e-03
4.787234042553191460e-02 5.585106382978723139e-02 3.723404255319148759e-02 1.037234042553191460e-01 4.787234042553191460e-02 4.787234042553191460e-02 6.648936170212765839e-02 4.521276595744681132e-02 6.382978723404254817e-02 3.723404255319148759e-02 8.244680851063829197e-02 4.521276595744681132e-02 1.329787234042553203e-02 2.925531914893617080e-02 5.053191489361701788e-02 7.446808510638297518e-02 4.521276595744681132e-02 3.457446808510638431e-02 4.787234042553191460e-02 2.393617021276595730e-02
4.666666666666666879e-02 5.999999999999999778e-02 4.333333333333333481e-02 1.199999999999999956e-01 5.666666666666666380e-02 5.000000000000000278e-02 7.000000000000000666e-02 4.333333333333333481e-02 6.333333333333333870e-02 5.333333333333333676e-02 5.666666666666666380e-02 5.333333333333333676e-02 2.999999999999999889e-02 2.000000000000000042e-02 5.999999999999999778e-02 5.000000000000000278e-02 3.666666666666666685e-02 3.333333333333333287e-02 3.333333333333333287e-02 2.000000000000000042e-02
5.761316872427983682e-02 6.584362139917696033e-02 5.349794238683127506e-02 6.995884773662551515e-02 3.292181069958848016e-02 4.526748971193415849e-02 6.584362139917696033e-02 6.584362139917696033e-02 9.465020576131687180e-02 2.880658436213991841e-02 7.407407407407406996e-02 4.115226337448559674e-02 3.292181069958848016e-02 2.057613168724279837e-02 3.292181069958848016e-02 5.761316872427983682e-02 5.349794238683127506e-02 5.349794238683127506e-02 2.880658436213991841e-02 2.469135802469135665e-02
