alt.atheism: 0.07051282051282051
comp.graphics: 0.05089058524173028
comp.os.ms-windows.misc: 0.03580562659846547
comp.sys.ibm.pc.hardware: 0.14496314496314497
comp.sys.mac.hardware: 0.0327455919395466
comp.windows.x: 0.03902439024390244
misc.forsale: 0.07493540051679587
rec.autos: 0.057441253263707574
rec.motorcycles: 0.06142506142506143
rec.sport.baseball: 0.04466501240694789
rec.sport.hockey: 0.05384615384615385
sci.crypt: 0.03307888040712468
sci.electronics: 0.024691358024691357
sci.med: 0.039603960396039604
sci.space: 0.061170212765957445
soc.religion.christian: 0.07341772151898734
talk.politics.guns: 0.041666666666666664
talk.politics.mideast: 0.034574468085106384
talk.politics.misc: 0.03333333333333333
talk.religion.misc: 0.024691358024691357
